Transportation : 0.382811102067
Medellin : 0.499574468085
Bogota : 0.296071829405
Floods : 0.295345012063
IntoTheAndes : 0.247390485449
Update : 0.438068497208
Paramo : 0.444226960473
Amazon : 0.313585291113
PublicSchools : 0.332071185157
PuertoOrdaz : 0.350835369902
Average: 0.359998020092
